MÉTRICAS POR NÚMERO DE HABITACIONES
==================================

Habitaciones    MAE        MAPE (%)   Cantidad  
---------------------------------------------
0               10.80      17.49      1614.0    
1               11.30      20.62      18043.0   
2               11.01      16.16      4854.0    
3               10.21      14.16      1481.0    
4               10.31      17.42      315.0     
5               11.30      24.40      80.0      
6               9.46       17.80      26.0      
7               5.68       15.79      13.0      
8               6.25       24.37      10.0      
9               6.33       25.78      4.0       
10              11.76      45.46      7.0       
11              3.94       7.20       2.0       
12              16.41      21.60      3.0       
13              0.05       0.09       1.0       
14              9.48       14.95      4.0       
15              26.37      26.37      1.0       
17              26.24      30.87      1.0       
18              17.44      26.83      1.0       
