DISTRIBUCIÓN DE PRECIOS POR CIUDAD
===============================

Ciudad          Mín        Q1         Mediana    Media      Q3         Máx        Desv Est  
-------------------------------------------------------------------------------------
Madrid          13.00      40.00      63.00      61.95      83.00      100.00     23.90     
Barcelona       15.00      40.00      60.00      60.04      80.00      100.00     23.13     
Sevilla         12.00      55.00      73.00      70.28      87.00      100.00     19.96     
Valencia        13.00      40.00      62.00      61.64      83.00      100.00     23.98     
Málaga          14.00      55.00      75.00      70.21      89.00      100.00     21.86     
Menorca         26.00      63.00      78.00      76.10      90.00      100.00     16.66     
Mallorca        18.00      61.50      79.00      75.14      90.00      100.00     19.11     
Girona          16.00      65.00      80.00      76.86      91.00      100.00     17.80     
Euskadi         16.00      55.00      75.00      70.47      90.00      100.00     22.14     
